Тюляева
Tyulyaeva
Индустриальная
4
Industrialnaya
Рабочие дни Выходные дни
Business days Weekends
06 06 24 44 54 06 08 32 58
07 04 14 24 34 44 54 07 23 37 51
08 04 14 24 34 44 54 08 05 19 33 47
09 04 14 24 34 44 54 09 01 15 29 43 57
10 04 14 24 34 44 54 10 11 25 39 53
11 14 24 34 44 11 07 21 35 49
12 04 14 24 34 54 12 03 17 31 45 59
13 04 24 34 44 54 13 13 27 41 55
14 14 24 34 44 14 09 23 37 51
15 04 14 24 34 44 54 15 05 19 33 47
16 04 14 24 34 44 54 16 01 15 29 43 57
17 04 14 24 34 44 54 17 11 25 39 53
18 04 14 24 34 44 54 18 07 21 35 49
19 04 14 24 34 44 54 19 03 17 31 45
20 04 24 42 20 13 37
21 00 18 47 21 02 39
22 09 27
KRASNODAR 2025 ART BY ANDREW TRAM 4 № 824 V1.0 T0
Сканируйте QR-код, чтобы отслеживать транспорт онлайн
Scan the QR code to track transport online
map.krdpt.ru kttu.ru +7 903 412-01-01